Epoch Time              Train Loss          Test Loss           AUC                 PRC                 Accuracy            Sensitivity         Specificity         Precision           F1                  MCC                 Max AUC
1	61.772220714000014	0.6911674914425269	0.6905860549921983	0.5440829740427968	0.5576186626138945	0.5251982011219806	0.89021199819576	0.13925982449446775	0.5223374973533771	0.6583714180872001	0.04467609404950511	0.5440829740427968
2	124.12570560899985	0.6810886754988308	0.6860476613177384	0.5707355556255407	0.5924090989089528	0.5503732208261858	0.8265223274695535	0.2583937428462419	0.5409458581803153	0.6539147812433088	0.10335196156848975	0.5707355556255407
3	186.339928074	0.6619826293094077	0.6695540307974074	0.6350471590878779	0.6352917116166397	0.5965969678705549	0.5895354082092918	0.6040633346051125	0.6115478195770166	0.6003399017041018	0.19353164501621947	0.6350471590878779
4	248.39399463200016	0.6433887110772772	0.660716533066749	0.6438341209243477	0.6478858949261781	0.6009087115768	0.719530897609382	0.4754864555513163	0.5919109461966605	0.6495114006514657	0.20130688360473076	0.6438341209243477
5	310.1833544199999	0.6267297813457612	0.6587387445799924	0.6480310956042389	0.652224176647318	0.6022068709722287	0.7036535859269283	0.49494467760396793	0.5956471935853379	0.6451612903225806	0.2032402968280989	0.6480310956042389
6	371.9345805359999	0.6143701430460808	0.6510482446900538	0.6626653764733235	0.6695196836481894	0.6101349158514535	0.7086152458276951	0.5060091568103777	0.6026545956728556	0.6513537045482813	0.21936626112917013	0.6626653764733235
7	433.85821640099994	0.6039494880175506	0.6453677999044228	0.6729794930333517	0.6782841692107477	0.6190829431128008	0.7031123139377538	0.5302365509347577	0.6127840239012501	0.6548479247185347	0.23710402607472292	0.6729794930333517
8	495.63769334100016	0.5944742429002222	0.6497231269364695	0.668508982564578	0.6783762423293975	0.61542027910427	0.710509697789806	0.5148798168637925	0.6076222805122666	0.655050526053146	0.23003989102247982	0.6729794930333517
9	557.5732580069998	0.5861151901216303	0.6454716004330037	0.6738768416920549	0.6837651330715991	0.6188047660994946	0.6897609382047812	0.5437809996184663	0.615174189395768	0.6503359700603896	0.23621367829099377	0.6738768416920549
10	619.330581832	0.5791214157454324	0.6473504380438323	0.6726678899152038	0.6846495125021145	0.6156520932820251	0.6965268380694632	0.5301411674933232	0.6105005139558789	0.6506826226192484	0.23003647788370715	0.6738768416920549
11	680.787786674	0.5720180398778153	0.6430917516294786	0.680918437133062	0.6839785257276543	0.6253882887477398	0.728191249436175	0.5166921022510492	0.6143542126493645	0.6664464993394981	0.2508393530484903	0.680918437133062
12	742.402074949	0.5657988673086973	0.6556813372397955	0.6679152518337972	0.6753869448105468	0.6151421020909639	0.7142986017140279	0.5103014116749333	0.606650321789764	0.6560881634005883	0.2296462068941732	0.680918437133062
13	804.164711462	0.5596378275450509	0.6391809919601279	0.6854246529324837	0.6936236358269041	0.6287727757429644	0.6598105548037889	0.5959557420831744	0.6332467532467533	0.6462557985420809	0.25631350531975683	0.6854246529324837
14	867.7983116400001	0.5542148655272615	0.6399052750335305	0.6847786441594443	0.6925723729709155	0.62993184663174	0.6805593143888137	0.5764021365890881	0.629453483521068	0.6540095361941916	0.25846807544721034	0.6854246529324837

Test loss: 0.6322907005693527
Test AUC: 0.6978139183270871
Test PRC: 0.6822931826462019
Test accuracy: 0.6429833999385183
Test sensitivity: 0.6855594835536428
Test specificity: 0.6004073163233938
Test precision: 0.6317634560906515
Test F1: 0.657563025210084
Test MCC: 0.2870092293535032
Expected Calibration Error (ECE): 0.018377657779891827
Uncertainty Cutoff 0.2: Precision - 0.0, True Positives - 0
Uncertainty Cutoff 0.4: Precision - 0.8947368421052632, True Positives - 187
Uncertainty Cutoff 0.6: Precision - 0.8231815493790656, True Positives - 1392
Uncertainty Cutoff 0.8: Precision - 0.7600783874580067, True Positives - 5430
